[   8.67253023   25.01207994   41.2259408    57.56549051   73.90504022
   90.24458993  106.58413964  122.7980005   139.13755021  155.47709992
  171.81664963  179.86073564  188.15619934  196.32597419  204.49574905
  212.6655239   220.83529875  229.00507361  237.04915962  245.34462332
  253.38870933  261.68417303  269.72825904  278.02372273  286.06780874
  302.40735845  318.74690816  335.08645787  351.30031874  367.63986844
  383.97941815  400.31896786  416.53282873  432.87237843  449.21192814
  465.42578901  481.76533872  498.10488842  514.31874929  530.658299  ]
57.5654905119
0.0612011969628
